contigName	contigLen	totalAvgDepth	MA_sorted.bam	MA_sorted.bam-var	MB_sorted.bam	MB_sorted.bam-var	MC_sorted.bam	MC_sorted.bam-var	MD_sorted.bam	MD_sorted.bam-var
bin00.contig0000	151303	6468.14	1521	101999	1981.51	127748	1053.82	150924	1911.8	123074
bin00.contig0001	148815	6417.1	1515.29	166218	1934.1	108071	1086.18	418314	1881.53	128583
bin00.contig0002	143662	6439.65	1511.91	73971.5	1994.19	105230	1020.06	113192	1913.49	95996.1
bin00.contig0003	130353	6688.88	1580.85	59966	2053.26	65587	1101.21	133002	1953.55	57829
bin00.contig0004	106596	6379.79	1499.08	72139.1	1958.78	86845.5	1040.21	143118	1881.72	83118.1
bin00.contig0005	102898	6616.09	1552.7	54309.2	2033.61	64138.4	1084.75	120221	1945.02	59022.4
bin00.contig0006	101217	6381.14	1505.11	71611.7	1934.35	82758.6	1051.18	138421	1890.51	84186.4
bin00.contig0007	100633	6521.23	1547.97	95941.1	1985.76	135136	1070.3	154776	1917.2	124511
bin00.contig0008	97133	6474.57	1532.49	59294.5	1998.36	64395.5	1042.57	116965	1901.16	61625.6
bin00.contig0009	91911	6433	1512.1	76301.9	1951.58	85888.1	1077.4	153688	1891.92	84717.6
bin00.contig0010	91864	6744.42	1611.19	103151	1950.91	118967	1224.82	187486	1957.5	119184
bin00.contig0011	86660	6522.55	1540	79710.8	2004.09	118283	1039.73	118871	1938.73	106351
bin00.contig0012	83555	6491.86	1532.7	153799	1959.32	239259	1108.61	188702	1891.23	214774
bin00.contig0013	83223	6830.4	1607.22	170523	2078.16	222604	1157.84	224789	1987.17	208239
bin00.contig0014	79963	6628.93	1569.83	57325.3	2058.29	77245.2	1050.75	117592	1950.07	66277.1
bin00.contig0015	78495	6528.49	1535.89	66245.8	1999.65	95439.8	1072.38	123450	1920.57	81447.5
bin00.contig0016	78238	6255.38	1465.78	58881.1	1978.07	97346.9	940.203	71071.7	1871.33	84604.8
bin00.contig0017	72684	6616.77	1567.67	67752.1	1995.3	77133.7	1133.1	154242	1920.7	70876.7
bin00.contig0018	70943	6501.48	1530.61	62353.6	1989.55	68434.9	1039.57	123499	1941.74	69019.4
bin00.contig0019	70842	6506.78	1539.12	173567	1976.83	263109	1067.43	172541	1923.4	249943
bin00.contig0020	68665	6330.23	1498.8	156535	1884.33	210939	1108.4	215034	1838.7	207244
bin00.contig0021	68241	6602.52	1551.34	60467.6	2042.87	63570.9	1053.93	130779	1954.38	61541.1
bin00.contig0022	65343	6547.24	1546.76	204861	1983.14	63848.7	1088.7	786249	1928.63	92100.7
bin00.contig0023	64214	6709.57	1582.63	239729	2022.99	268886	1139.1	318589	1964.86	271092
bin00.contig0024	63193	6489.2	1530.35	46460.7	2039.25	67184.7	993.131	85802.6	1926.47	59546.4
bin00.contig0025	60891	6421.77	1524.41	94382.7	1932.13	128122	1074.97	153651	1890.27	122252
bin00.contig0026	57002	6209.59	1460.09	55850	1926.12	82431.7	949.717	74591.4	1873.66	76901.4
bin00.contig0027	56581	6770.44	1616.5	64248.9	2047.11	61901.4	1118.28	144730	1988.54	59929.5
bin00.contig0028	55769	6868.99	1640.7	116524	2061.22	105227	1150.09	188918	2016.97	110101
bin00.contig0029	55657	6467.38	1525.95	79695.8	2000.8	106355	1031.52	125048	1909.11	94767.7
bin00.contig0030	53891	6452.11	1524.05	85578.3	1964.4	91570	1064.76	149129	1898.91	92413.3
bin00.contig0031	53598	6402.18	1519.72	48230.7	2029.19	85218.7	939.165	59545.6	1914.1	70516.3
bin00.contig0032	52999	6553.05	1544.02	94458.8	1982.16	95281.8	1099.75	170422	1927.12	95430
bin00.contig0033	52557	6591.63	1564.01	152937	1968.53	122262	1155.33	459030	1903.76	126120
bin00.contig0034	51841	6465.74	1520.93	61744.1	1957.14	74972.5	1065.73	124666	1921.94	69150.9
bin00.contig0035	45877	6343.85	1498.4	61675.6	1918.96	92377.1	1037.37	102992	1889.12	80646.4
bin00.contig0036	42845	6294.95	1478.05	152764	1879.43	201590	1114.52	226266	1822.95	192182
bin00.contig0037	41664	6341.34	1494.56	55515.2	1984.69	66034	975.49	92960.2	1886.6	62990.8
bin00.contig0038	40216	6175.4	1451.91	136459	1747.89	174263	1222.76	204978	1752.83	172610
bin00.contig0039	39531	6466.38	1514.72	34056.3	2006.08	47738.3	1006.32	71211.1	1939.26	46485.3
bin00.contig0040	39244	6521.33	1532.85	72093.3	1979.57	78741.1	1085.55	139098	1923.36	76324.1
bin00.contig0041	39137	6564.04	1565.29	72466	1986.41	90894.6	1090.71	155945	1921.63	82305.6
bin00.contig0042	38636	6439.52	1522.42	83703.8	1897.64	94186.5	1108.08	151218	1911.37	94429.7
bin00.contig0043	38376	6339.1	1491.71	63043.2	1976.34	100315	985.994	77075.6	1885.07	89662.8
bin00.contig0044	38356	6272.96	1473.1	53182	1949.04	74517.7	973.35	79880.1	1877.47	72100.3
bin00.contig0045	37900	6720.3	1583.07	99988.9	2109.94	124345	1013.17	127530	2014.12	114480
bin00.contig0046	37465	5879.26	1388.42	133660	1750.53	208324	1038.55	172499	1701.76	192498
bin00.contig0047	37393	6203.33	1458.46	127064	1873.99	176095	1053.97	174497	1816.91	166771
bin00.contig0048	37171	6473.07	1528.08	71468.8	1942.78	89709.2	1103.81	146452	1898.4	79698.8
bin00.contig0049	37063	6810.41	1608.79	76554.4	1993.98	53871.7	1255.71	207340	1951.94	61071.4
bin00.contig0050	36748	6226.02	1464.95	55830.7	1925.15	69354.9	983.52	96590.4	1852.41	68112.4
bin00.contig0051	35933	6642.2	1562.36	72343.8	2082.86	106835	1046.06	112995	1950.93	94232.6
bin00.contig0052	35561	6927.58	1665.36	92042	1961.92	114654	1368.85	168861	1931.45	101550
bin00.contig0053	34451	6742.25	1604.07	85993.6	1921.11	107394	1283.15	177792	1933.93	100412
bin00.contig0054	34068	6457.71	1531.97	52673.6	1934.38	72530.7	1081.78	111387	1909.58	66760.2
bin00.contig0055	33618	6401.27	1501.25	227871	1959.78	179802	1041.93	416209	1898.31	209270
bin00.contig0056	33125	6212.62	1460.35	78305.4	1906.4	114308	980.734	100549	1865.14	110167
bin00.contig0057	30957	6532.6	1544.47	62297.7	2064.91	102629	1006.16	86617.3	1917.06	83873.3
bin00.contig0058	29952	6284.5	1490.15	78094.3	1888.18	110026	1063.09	142022	1843.09	99193.4
bin00.contig0059	29640	6816.53	1618.6	62232.5	2101.41	114709	1105.73	122353	1990.79	87588.2
bin00.contig0060	27550	6266.63	1469.58	56443.2	1968.57	83683.3	957.483	74044.5	1871	73544.8
bin00.contig0061	26663	6335.54	1484.31	64991.2	1933.18	81075	1041.26	125183	1876.79	76164.5
bin00.contig0062	26638	6562.68	1548.76	45737	2089.93	71332.7	969.195	66413.3	1954.8	60749.5
bin00.contig0063	26479	6389.65	1500.73	94900.1	1926.77	126293	1091.64	163994	1870.5	116833
bin00.contig0064	26026	6261.67	1486.72	80767.8	1893.27	63961.6	1056.16	154618	1825.52	70988.7
bin00.contig0065	25347	6615.35	1552.83	120898	2030.94	208911	1095.93	127748	1935.65	175629
bin00.contig0066	24912	6365.02	1503.01	68068	1910.37	103981	1088.14	118875	1863.5	94290.6
bin00.contig0067	24498	6465.79	1533.83	58119.9	1940.47	68563	1079.51	123269	1911.98	59018.5
bin00.contig0068	23856	6277.36	1469.63	50388.8	1899.67	61737.5	1042.78	125642	1865.28	57753.2
bin00.contig0069	23504	5158.58	1192.74	152036	1525.98	244218	906.285	161108	1533.58	237355
bin00.contig0070	23106	6370.02	1502.65	105764	1948.84	132507	1026.18	157779	1892.35	130298
bin00.contig0071	22620	6028.36	1401.42	68285.3	1875.21	116780	937.627	86743.4	1814.1	105884
bin00.contig0072	22339	6571.93	1572.06	170273	1930.41	249109	1182.22	252039	1887.24	237399
bin00.contig0073	21725	5886.6	1378.98	110114	1811.63	143357	943.705	142175	1752.28	139700
bin00.contig0074	21211	6240.6	1480.59	93105.3	1871.69	113644	1038.02	135946	1850.3	112749
bin00.contig0075	20748	6619.11	1573.98	68472.1	2011.89	77511.9	1111.16	155761	1922.08	74262.5
bin00.contig0076	20639	6461.88	1533.66	77217.1	1979.89	109477	1031.4	109241	1916.93	104612
bin00.contig0077	19588	6998.3	1655.34	120141	2103.77	118577	1209.87	210400	2029.32	117569
bin00.contig0078	19204	6628.43	1548.7	21230.9	2114.07	20204.3	994.254	51870.9	1971.41	21834.8
bin00.contig0079	19142	6349.5	1503.75	73285.4	1966.54	96482.4	999.055	110599	1880.15	89617.9
bin00.contig0080	18928	6691.63	1596.18	74627.5	2076.68	100177	1046.64	117115	1972.13	94522.5
bin00.contig0081	18377	6482.93	1532.16	64047.7	1935.21	95373	1150.35	123381	1865.2	80689.9
bin00.contig0082	18013	6584.83	1553.23	59853.9	2076.31	94210.9	1005.31	90268	1949.99	81464.4
bin00.contig0083	17323	6541.96	1539.11	59227.7	2045.73	91095.2	1006.63	90350.7	1950.49	83183.7
bin00.contig0084	17321	6325.5	1503.8	146121	1871.55	163189	1099.39	199623	1850.76	167977
bin00.contig0085	17179	6487.32	1519.45	37391.7	2062.19	46494.5	979.764	72292.4	1925.93	43891.8
bin00.contig0086	15685	6280.76	1511.66	62273.9	1820.41	71549.5	1117.33	131716	1831.36	68554.6
bin00.contig0087	15516	6251.14	1458.98	26876.9	1957.54	41539	922.998	33574.6	1911.62	38710.2
bin00.contig0088	15432	6643.71	1560.37	42916.5	2067.2	62616.3	1055.41	93308.6	1960.73	51050.8
bin00.contig0089	14170	6034.57	1428.5	89232.9	1789.04	88325.7	1040.69	142852	1776.34	96184.4
bin00.contig0090	14071	6427.03	1524.42	37595.5	1877.97	44578.9	1079.95	87863.2	1944.69	46175.1
bin00.contig0091	12898	6368.76	1498.61	132401	1857.24	142487	1202.85	242299	1810.06	148970
bin00.contig0092	12359	6699.09	1588.53	57558.1	1983.47	43282.7	1181.26	149802	1945.83	50044.7
bin00.contig0093	12204	6386.97	1501.53	114327	1864.11	136520	1206.3	191541	1815.03	133576
bin00.contig0094	12204	7613.88	1798.05	826464	2343.22	1.52179e+06	1242.78	325450	2229.84	1.2683e+06
bin00.contig0095	11719	6303.66	1457.89	35239.9	2050.04	54243.9	894.393	30781.6	1901.34	44113
bin00.contig0096	11449	6564.67	1556.45	93941.2	2095.27	182505	976.554	95970.3	1936.39	147843
bin00.contig0097	11298	6730.79	1585.3	36749.3	2098.53	52269	1054.64	90036.9	1992.31	50717.6
bin00.contig0098	11184	6126.02	1455.05	47761.9	1922.84	53509.5	924.357	70193.3	1823.78	54639.2
bin00.contig0099	10892	6223.98	1462.11	83062.5	1907.97	137971	1025.03	127428	1828.86	114132
bin00.contig0100	10752	6091.15	1419.38	72386.4	1911.89	124538	941.253	80690	1818.63	111456
bin00.contig0101	10479	6410.04	1509.59	58780.6	2054.7	95504.3	933.93	58724.2	1911.82	78829.2
bin00.contig0102	10159	6105.55	1430.68	74111.1	1944.03	145399	906.764	54218.1	1824.07	116846
bin00.contig0103	9857	6245.9	1460.96	33504.1	1897.6	30665.7	990.503	89722.2	1896.84	38124
bin00.contig0104	9534	6336.2	1489.06	85017.5	2002.32	143088	969.824	98350.2	1875	125692
bin00.contig0105	9316	5759.87	1339.68	118673	1769.38	200948	910.614	100081	1740.19	190656
bin00.contig0106	9228	8086.08	1969.72	51181.5	2374.29	22040.9	1502.61	191200	2239.46	26690.3
bin00.contig0107	9105	7279.29	1779.74	209613	2224.26	211019	1188.75	278209	2086.54	208809
bin00.contig0108	9040	7174.7	1679.91	44544.9	2196.68	63926	1198.03	168076	2100.08	54575.7
bin00.contig0109	8688	6743.19	1602.01	120275	2210.52	204731	915.206	43072	2015.46	169496
bin00.contig0110	8676	6142.66	1451.93	217209	1823.46	301359	1110.63	231453	1756.64	295594
bin00.contig0111	8106	6546.36	1555.54	25385.3	2086.19	38575.4	952.098	34886.8	1952.53	36169.8
bin00.contig0112	7734	6504.12	1547.71	108813	1974.4	163300	1101.32	148307	1880.69	147216
bin00.contig0113	7350	6554.57	1570.8	52451.5	1926.32	66424	1201.35	121652	1856.1	67517.7
bin00.contig0114	6753	6818.24	1592.52	62374	2238.08	119858	913.958	18037.7	2073.67	99393.4
bin00.contig0115	6411	7878.38	1912.29	7701.23	2584.3	13820.4	1026.54	2556.8	2355.25	12442.6
bin00.contig0116	6360	6350.15	1492.18	52803.3	1913.75	80245	1067.21	113887	1877.01	70668.3
bin00.contig0117	6202	6509.25	1529.65	82460.4	1935.76	66342.8	1160.79	167561	1883.05	74034
bin00.contig0118	6055	7169.57	1691.15	16425.5	2329.36	20394.3	973.683	34760.5	2175.38	22482.3
bin00.contig0119	5997	6951.79	1634.65	13381	2267.2	30576.8	959.874	13555.5	2090.06	21931.1
bin00.contig0120	5965	6323.89	1501.81	42589	1922.91	54483.8	1018.22	78701.2	1880.94	55335.1
bin00.contig0121	5765	6155.95	1453.8	103809	1932.95	165984	931.249	119698	1837.95	158786
bin00.contig0122	5442	6249.1	1505.08	233006	1890.04	253601	1081.12	313261	1772.87	253322
bin00.contig0123	5346	1525.1	279.041	19553.6	675.086	136746	98.4411	3283.76	472.531	61472.1
bin00.contig0124	5310	6831.7	1606.4	19161.3	2159.43	41432	980.915	23096.3	2084.95	30003.9
bin00.contig0125	5187	5161.53	1218.7	277560	1609.55	494298	814.497	197820	1518.79	433760
bin00.contig0126	5138	6667.22	1562.82	80288.6	2006.21	123017	1137.22	129859	1960.97	103184
bin00.contig0127	5135	7432.19	1801.24	15380.8	2415.58	35174.8	966.771	4499.11	2248.6	24489
bin00.contig0128	5054	7382.23	1753.91	112284	2030.09	142912	1518.06	199831	2080.18	150564
bin00.contig0129	4825	6275.43	1459.49	43465.2	2019	65827.4	888.723	44929.9	1908.22	59358.4
bin00.contig0130	4737	5900.45	1384.66	146281	1864.43	235668	874.252	112088	1777.12	230882
bin00.contig0131	4679	6455.99	1525.13	48591.4	1920.27	28342.2	1123.43	169664	1887.16	30015.8
bin00.contig0132	4518	5671.31	1311.28	98292.1	1732.08	87057.8	927.758	133988	1700.18	105985
bin00.contig0133	4442	6918.59	1663.12	83666.3	2141.89	96086.2	1150.11	173785	1963.47	78318.3
bin00.contig0134	4362	7152.09	1667.83	23243.5	2303.01	30251.1	1053.69	75829.6	2127.55	22446
bin00.contig0135	4261	6252.47	1468.13	144176	1947.88	277934	994.695	124127	1841.76	230080
bin00.contig0136	4114	6704.21	1583.29	134358	2047.76	173115	1150.21	179199	1922.94	137415
bin00.contig0137	3846	5629.17	1316.61	96801.1	1812.05	206330	774.541	33755.9	1725.97	198709
bin00.contig0138	3606	5943.52	1375.26	125053	1893.85	232513	890.082	91808.6	1784.33	213297
bin00.contig0139	3584	6139.11	1459.74	73308.6	1773.18	35868.8	1136.55	196150	1769.64	45599
bin00.contig0140	3577	3426.96	873.27	79224.4	823.633	177598	790.909	115986	939.15	160810
bin00.contig0141	3410	6342.86	1497.72	65801.1	1854.02	95732.1	1169.64	151293	1821.48	77008.8
bin00.contig0142	3322	1103.18	204.859	9710.96	474.318	52871.7	72.2822	1419.86	351.723	28118.1
bin00.contig0143	3272	5618.29	1326.05	82593.2	1716.82	175150	916.33	91572.4	1659.08	148895
bin00.contig0144	3208	7967.57	1920.19	121907	2115.16	100541	1778.9	174007	2153.32	132410
bin00.contig0145	3180	16538.1	4056.92	26569.2	4045.12	41075	4016.51	41915.3	4419.55	50680.2
bin00.contig0146	3139	6169.86	1413.55	18674.6	2035.18	34226.1	840.754	7189.97	1880.38	39197.2
bin00.contig0147	2965	7430.38	1785.76	44442.8	2195.36	43796.7	1313.68	220253	2135.58	26569.2
bin00.contig0148	2804	8299.98	1995.72	49902.9	2447.85	24823.3	1517.86	220977	2338.56	13316
bin00.contig0149	2709	5151.09	1178.77	137776	1658.57	291781	725.338	54264.7	1588.41	256702
bin00.contig0150	2583	6668.78	1601.52	111148	1790.76	105089	1445.5	141968	1831.01	108775
bin00.contig0151	2463	7162.22	1647.08	3677.65	2349.66	9696.63	952.012	2393.99	2213.47	11503.5
bin00.contig0152	2411	6281.03	1447.63	88637.9	1895.02	85714.3	1078.76	146610	1859.62	93680.5
bin00.contig0153	2393	6550.58	1521.42	11610.1	2143.67	20943.7	880.066	5299.84	2005.43	20388.7
bin00.contig0154	2136	3245.93	706.661	31628.7	1069.05	50555.8	421.067	15055.6	1049.15	52725.6
bin00.contig0155	2034	7705.47	1833.12	441608	2410.84	832087	1153.98	167405	2307.54	669455
bin00.contig0156	1903	6035.25	1455.63	46265.6	1784.65	37889.6	1098.32	74541.2	1696.66	37379.3
bin00.contig0157	1773	16100.7	3962.98	30910.2	4002.8	32782.4	3877.32	42808.6	4257.55	45635.6
bin00.contig0158	1712	22002.7	5256.97	665372	5743.8	641090	5153.87	775819	5848.01	747069
bin00.contig0159	1692	11682.8	2741.92	255882	3513.72	336315	2031.34	233086	3395.78	346586
bin00.contig0160	1660	5626.49	1343.51	89724.8	1812.64	168321	766.453	33708.3	1703.9	151052
bin00.contig0161	1632	42603.8	10036.4	200033	13708.7	373774	5731.7	47674	13126.9	344293
bin00.contig0162	1589	6911.2	1685.31	13455.9	2213.94	16599.5	951.204	7341.59	2060.75	13254.2
bin00.contig0163	1589	6502.29	1564.5	10681.4	2096.93	27286.9	875.935	6820.59	1964.92	13225.9
bin00.contig0164	1521	6458.92	1573.02	105904	1799.74	140210	1402.01	131849	1684.15	119955
bin00.contig0165	1478	17464.8	4232.05	1.93577e+06	4567.73	1.88341e+06	3928.25	2.62897e+06	4736.78	2.11066e+06
bin00.contig0166	1453	14598	3458.37	120694	4186.94	186989	2851.22	74203.9	4101.44	164137
bin00.contig0167	1445	7269.33	1709.43	23687	2350.87	34260.7	1033.97	34389.3	2175.06	28445
bin00.contig0168	1409	6163.41	1409.26	128103	2047.83	274691	826.771	50713.8	1879.56	234747
bin00.contig0169	1364	4896.03	1158.71	97098.9	1536.88	193587	683.925	37336.2	1516.52	168145
bin00.contig0170	1306	19634.2	4890.75	55683.1	4163.79	48549	5961.81	75848.2	4617.9	55549.6
bin00.contig0171	1278	276.293	53.648	1526.68	121.795	7891.87	15.2137	167.643	85.6365	4184.7
bin00.contig0172	1227	81617.7	19157.6	1.83595e+06	26643.5	4.73721e+06	10963.4	505953	24853.2	3.57911e+06
bin00.contig0173	1197	7608.02	1751.72	12519.9	2535.38	18562.3	1022.09	5111.83	2298.83	23533.7
bin00.contig0174	1163	7356.3	1773.04	66555.7	2011.3	40239.4	1595.58	126901	1976.38	45277.3
bin00.contig0175	1133	70678.8	16859.2	351691	22210.4	743291	10378.8	206455	21230.4	684849
bin00.contig0176	1127	52085.9	12388.6	241700	16883.3	496209	6863.97	66499.6	15950	341784
bin00.contig0177	1118	8013.88	1914.46	54906.8	2299.14	18635.9	1576.73	160055	2223.55	35537.7
bin00.contig0178	1068	57496.5	13352.1	232679	18947.6	611203	7778.32	78922.2	17418.5	501365
bin00.contig0179	1027	12634.5	3020.56	80908.4	4087.24	167686	1708.51	24971.4	3818.19	132836
bin00.contig0180	998	5909.08	1385.83	97271.2	1939.98	197545	797.27	30041.5	1786	191359
bin00.contig0181	980	5082.27	1185.08	37155.7	1608.61	51199.7	688.259	13531.7	1600.32	47897.7
bin00.contig0182	957	7885.22	1958.96	63397.6	2111.99	43678.9	1753.15	128671	2061.12	52036.8
bin00.contig0183	946	3990.14	974.485	248691	1194.05	375489	674.172	152744	1147.43	346694
bin00.contig0184	938	6457.34	1555.79	10095.5	2116.37	8733.05	880.778	2196.14	1904.4	3920.88
bin00.contig0185	936	6729.14	1580.57	22765.2	2166.32	40634	921.392	10752.6	2060.87	35366.7
bin00.contig0186	903	27249.7	6414.94	5.16991e+06	8927.41	1.01128e+07	3734.41	1.7686e+06	8172.99	8.46736e+06
bin00.contig0187	877	5998.42	1401.39	84117.1	1621.73	130822	1347.26	101855	1628.04	116899
bin00.contig0188	864	1098.85	232.871	56982.5	373.836	65929.8	182.987	55814.8	309.157	67869
bin00.contig0189	854	5016.16	1188.72	18418.9	1633.93	21953.4	693.339	5603.24	1500.18	24466.9
bin00.contig0190	840	6239.76	1491.95	14240.7	2028.38	28840.7	855.193	6983.73	1864.24	27802.5
bin00.contig0191	835	5300.53	1232.49	18069.5	1747.07	43527.9	725.365	4951.02	1595.59	26766.1
bin00.contig0192	771	7125.47	1662.49	29427.1	2327.77	57588.9	986.638	10373.7	2148.57	60139.4
bin00.contig0193	721	4723.57	1094.73	38724.8	1508.31	76378	658.662	13086.3	1461.87	66049.9
bin00.contig0194	714	7009.78	1637.93	6751.71	2275.23	7810.88	960.324	1916.64	2136.31	9106.42
bin00.contig0195	695	21292.3	5303.33	6.00026e+06	4514.77	2.13944e+06	6429.39	1.58448e+07	5044.85	3.69525e+06
bin00.contig0196	695	244.916	57.8881	98.1658	89.567	368.592	27.6128	28.5466	69.8477	107.743
bin00.contig0197	695	80.0899	16.8771	20.9058	28.6532	15.6681	11.4606	7.37758	23.0991	33.9387
bin00.contig0198	678	4007.03	960.087	107403	1123.34	227776	740.345	73313.2	1183.26	192018
bin00.contig0199	638	11692.1	2802.49	573401	3203.06	456672	2347.23	872784	3339.34	663927
bin00.contig0200	616	1089.71	270.064	8295.96	338.678	16104.3	152.358	2158.22	328.607	17597.5
bin00.contig0201	611	6291.55	1512.66	18850.1	1822.35	49580.9	1029.11	35213.9	1927.43	36309.4
bin00.contig0202	521	5796.94	1376.44	7095.98	1894.24	14615.5	781.922	4075.2	1744.33	8589.82
bin00.contig0203	517	5833.27	1343.9	20341.6	1909.16	27565.2	793.815	6679.9	1786.4	28507.3
bin00.contig0204	517	11043.2	2622.58	662212	2900.03	418235	2422.31	1.27091e+06	3098.3	555363
bin00.contig0205	497	8028.86	1965.29	120179	2499.84	190643	1167.96	53272.9	2395.77	167896
bin00.contig0206	477	3428.81	783.028	19342.5	1033.13	148026	589.795	7176.96	1022.86	69197.4
bin00.contig0207	476	649.337	118.752	141.153	269.942	532.024	74.3804	83.5164	186.264	234.466
bin00.contig0208	476	5167.26	1256.54	11650.7	1564.62	11326.4	713.779	2968.03	1632.32	18413.1
bin00.contig0209	470	11492.3	2819.21	255312	3358.98	596892	2086.45	91281.9	3227.67	469918
bin00.contig0210	469	49.9467	0.460815	0.249246	44.8182	708.722	0	0	4.67085	15.5611
bin00.contig0211	468	1708.23	427.538	8964.92	562.022	20591.6	245.33	1312.51	473.343	14301.3
bin00.contig0212	465	3278.65	731.59	262735	1076.03	542804	461.521	113284	1009.51	504002
bin00.contig0213	461	5278.27	1266.64	8257.26	1716.05	20487.1	748.44	2766.58	1547.14	11922.9
bin00.contig0214	452	465.166	87.2384	831.358	198.149	4046.88	27.8907	123.147	151.887	1761.44
bin00.contig0215	450	8641.73	2067.64	219466	2665.85	338133	1418.43	146070	2489.8	367022
bin00.contig0216	450	10105.1	2393.99	466226	3186.23	754697	1564.82	302531	2960.03	744022
bin00.contig0217	446	7202.8	1657.5	34018.4	2104.9	26308.7	1424.24	155554	2016.17	21274
bin00.contig0218	424	6083.59	1434.74	37971.7	1955.27	44796.9	855.562	13288.3	1838.02	43239.7
bin00.contig0219	418	5165.35	1238.2	12848.5	1665	21367.2	713.817	5575.84	1548.34	14244.2
bin00.contig0220	413	12019.4	2841.49	72057.3	3936.29	129272	1619.03	24105.3	3622.62	101766
bin00.contig0221	412	1952.13	392.798	2577.53	706.828	6899.69	242.496	1178.82	610.011	5829.68
bin00.contig0222	412	2029.89	525.195	8028.82	486.011	3821.8	412.756	17751.5	605.931	4642.56
bin00.contig0223	411	5618.71	1295.03	2954.32	1761.15	7159.62	860.835	4022.72	1701.7	14206.4
bin00.contig0224	398	4588.24	1089.19	34928.6	1436.31	64868.7	641.835	10190.8	1420.91	50792.8
bin00.contig0225	393	130.391	27.5967	18.7458	49.1852	76.5978	8.55144	2.71945	45.0576	41.443
bin00.contig0226	392	2535.51	643.975	912.829	261.603	168.307	1207.54	3148.22	422.393	428.821
bin00.contig0227	391	3019.32	566.606	4971.38	1293.16	14821.8	190.573	540.129	968.988	8605.79
bin00.contig0228	388	4872.53	1132.16	33318.9	1552.35	58954.6	698.269	14407.1	1489.74	45342.4
bin00.contig0229	388	3205.41	730.634	6361.49	1062.57	15412.2	423.059	2951.9	989.143	11732.5
bin00.contig0230	383	5520.25	1305.77	4611.65	1733	11840	796.013	1200.54	1685.46	7419.15
bin00.contig0231	381	6264.11	1496.73	6971.86	1980.13	9508.92	833.251	2217.58	1954.01	8249.98
bin00.contig0232	373	19948.5	5026.22	718456	4630.35	287078	5342.23	1.55793e+06	4949.74	459674
bin00.contig0233	371	2217.49	570.176	5376.53	226.534	1051.99	1048.94	15447	371.846	2960.29
bin00.contig0234	368	6680.58	1576	3196.07	2087.95	58995.5	987.124	38475.5	2029.5	21604.9
bin00.contig0235	365	2938.45	624.963	8155.98	1025.08	20999.2	370.186	1757.17	918.214	16143.3
bin00.contig0236	361	1803.1	448.953	10582	506.886	7553.63	352.374	14174.7	494.886	9628.96
bin00.contig0237	360	2701.45	706.457	11443.9	605.633	5746.05	680.2	39251	709.162	5812.71
bin00.contig0238	357	28132.9	6788.18	155163	8526.15	259829	4629.19	51916.1	8189.38	281308
bin00.contig0239	357	4042.15	952.961	64550.7	1182.4	95406.6	650.068	34006.3	1256.72	116366
bin00.contig0240	357	475.957	108.184	818.101	178.903	2540.7	48.5362	73.1917	140.333	856.195
bin00.contig0241	356	1230.42	315.67	399.071	284.607	2820.98	317.218	1556.34	312.927	1231.44
bin00.contig0242	343	653.995	133.881	167.543	245.725	399.627	102.596	129.95	171.793	366.103
bin00.contig0243	342	8306.93	2039.58	81596.5	2614.67	130570	1148.77	10872	2503.9	156539
bin00.contig0244	340	3590.39	818.947	105220	1136.65	203496	490.763	39942.5	1144.03	187068
bin00.contig0245	338	6644.16	1540.04	14904.8	2151.93	27398.8	1020.9	9250.61	1931.29	22338.4
bin00.contig0246	333	3090.17	646.464	1963.8	1091.6	4030.86	380.557	425.094	971.557	4351.12
bin00.contig0247	333	3397.96	899.989	29232	590.814	9948.39	1081.35	52832.9	825.809	20588.5
bin00.contig0248	333	158.579	35.4699	249.635	4.39344	2.03117	102.661	2148.64	16.0601	58.87
bin00.contig0249	332	2212.82	528.11	6174.96	708.841	9889.9	292.588	1033.9	683.291	8165.15
bin00.contig0250	332	17.2418	0	0	10.2418	1.88598	1.94505	1.22348	5.05494	5.67653
bin00.contig0251	329	10.9106	0.385475	0.238215	8.58101	2.90773	0.608939	0.23947	1.3352	0.707236
bin00.contig0252	328	1325.82	342.107	6804.39	401.539	15156.6	166.882	1674.01	415.292	8558.02
bin00.contig0253	327	12290.3	2885.25	86807.7	4045.03	157011	1639.73	30011.8	3720.26	140664
bin00.contig0254	323	749.364	192.775	12258.7	34.3468	9.58831	429.416	61323.5	92.8266	2381.1
bin00.contig0255	317	5789.91	1371.11	31597.3	1828.96	58423.4	816.347	9461.26	1773.5	53373.2
bin00.contig0256	316	591.313	128.873	254.717	194.259	893.514	97.241	253.044	170.94	731.706
bin00.contig0257	316	40.6386	11.7108	2.71588	16.4277	2.19777	2.95181	0.627967	9.54819	2.18857
bin00.contig0258	314	24.7744	6.80488	1.55678	9.61585	1.66134	2.45732	0.384671	5.89634	0.841949
bin00.contig0259	312	163.488	43.7531	48.125	45.9444	24.6615	27.4321	17.5886	46.358	33.9083
bin00.contig0260	307	2013.8	547	4496.1	201.72	717.998	953.548	17237.6	311.529	1221.15
bin00.contig0261	302	131.605	23.2961	5.38859	62.3618	18.7622	3.55921	0.380577	42.3882	12.7424
bin00.contig0262	302	19.4013	2.52632	0.582085	10.5066	13.4701	1.98026	0.13868	4.38816	1.23244
bin00.contig0263	301	1593.62	435.338	1680.73	25.6093	5.62631	952.086	7225.21	180.589	195.817
bin00.contig0264	300	5905.14	1402.18	7187.42	1757.66	13596.8	929.613	4038.36	1815.69	15333.7
bin00.contig0265	300	6111.02	1454.27	78552	1964.03	115973	921.273	52704.8	1771.45	123894
bin00.contig0266	300	488.127	100.207	30.9301	180.487	198.668	84.2267	9.81405	123.207	94.4871
bin00.contig0267	299	49.6577	13.8591	11.3651	14.6443	9.1091	8.10738	2.83974	13.047	3.04507
bin00.contig0268	299	57.1342	14.1611	481.541	3.78523	1.27789	30.8121	2432.91	8.37584	119.777
bin00.contig0269	298	52.7432	10.1149	1.02753	23.8581	20.7212	4.10811	0.192315	14.6622	6.83747
bin00.contig0270	298	11.0541	0	0	11.0541	2.06509	0	0	0	0
bin00.contig0271	298	6.62838	0	0	6.62838	0.575244	0	0	0	0
bin00.contig0272	297	6452.31	1480.41	20637.5	2078.84	37334.7	859.878	6675.66	2033.18	37744.4
bin00.contig0273	296	1133.86	272.767	1121.57	336.856	4142.34	165.356	798.369	358.884	2589.23
bin00.contig0274	293	5.83217	0	0	4.6993	2.11317	0.573427	0.246331	0.559441	0.248202
bin00.contig0275	288	16.8188	0	0	16.8261	9.00603	0	0	0	0
bin00.contig0276	286	39.2279	2.75	0.677778	12.7426	2.11846	6.36765	2.63421	17.3676	13.9379
bin00.contig0277	282	307.659	61.0076	177.076	112.212	220.84	40.8788	41.9852	93.5606	155.546
bin00.contig0278	280	165.615	38.5308	32.282	65.7846	78.7749	20.4308	20.3091	40.8692	18.5797
bin00.contig0279	279	6007.74	1471.85	10048.9	1937.7	14266.1	836.845	6131.46	1761.35	10411.3
bin00.contig0280	279	44.3721	9.78295	1.96814	18.5659	8.46633	9.39535	6.31904	6.62791	1.62609
bin00.contig0281	278	54.8594	15.9062	19.8179	19.1797	62.369	7.82031	4.90447	11.9531	33.1474
bin00.contig0282	278	8.39844	0	0	8.3125	1.2874	0.0859375	0.0791708	0	0
bin00.contig0283	277	784.315	190.764	131.706	255.551	533.678	116.606	84.0343	221.394	134.939
bin00.contig0284	275	531.432	112.128	398.322	199.12	973.993	78.992	374.218	141.192	1007.5
bin00.contig0285	270	5604.16	1378.72	20653.1	1784.87	29961.3	733.192	5431.01	1707.38	23719.5
bin00.contig0286	267	5244.13	1236.84	8727.31	1626.68	11663	703.641	2114.87	1676.97	9546.56
bin00.contig0287	267	4063.4	979.641	13159.7	1282.03	20417.4	532.803	6197.95	1268.92	17121.2
bin00.contig0288	267	682.137	145.94	3147.23	199.957	129.834	182.188	14716.6	154.051	368.221
bin00.contig0289	267	11.6923	0	0	11.4444	2.18008	0	0	0.247863	0.188034
bin00.contig0290	266	469.767	115.767	1818.91	7.62069	8.88097	291.81	14459.9	54.569	482.404
bin00.contig0291	265	33.5043	4.83478	1.34966	15.0087	2.18413	3.62609	0.236155	10.0348	0.858429
bin00.contig0292	264	5052.11	1178.38	11235.4	1591.41	27499.7	714.044	6927.92	1568.27	29989.7
bin00.contig0293	263	17.0177	1.56637	0.247788	8.16814	3.83754	2.87611	0.466656	4.40708	0.761378
bin00.contig0294	262	4533.72	1108.45	3159.87	1355.31	6488.89	661.768	1440.02	1408.2	7390.09
bin00.contig0295	262	590.304	86.1875	76.3519	251.393	440.042	67.9821	36.1438	184.741	103.257
bin00.contig0296	262	5559.48	1340.09	27926.5	1508.67	32243.6	1159.38	23677.4	1551.34	37285.3
bin00.contig0297	261	1289.24	311.865	6234.97	385.099	11973	200.829	3766.85	391.45	11008.1
bin00.contig0298	260	7843.46	1923.39	119396	1904.02	64756.6	1894.42	274170	2121.64	94239.3
bin00.contig0299	259	4783.03	1155.44	14328.9	1550.02	25242.8	663.284	4293.61	1414.29	19991.1
bin00.contig0300	259	151.339	30.945	134.867	51.2569	151.526	26.6055	27.9263	42.5321	73.6216
bin00.contig0301	258	2873.26	620	1216	971.472	3550.55	364.111	223.277	917.676	2887.7
bin00.contig0302	258	2170.97	593.343	1218.86	548.768	806.796	381.843	413.068	647.018	1720.71
bin00.contig0303	258	26.4444	4.28704	1.57105	12.6019	1.4942	3.33333	1.1215	6.22222	0.978193
bin00.contig0304	257	29.5981	7.93458	0.514548	16.3178	4.7094	1.78505	0.170341	3.56075	0.248634
bin00.contig0305	257	5.47664	0	0	5.47664	0.289543	0	0	0	0
bin00.contig0306	257	16.9439	2.1215	2.37189	6.40187	1.95962	4.49533	1.45988	3.93458	3.08058
bin00.contig0307	255	11.2952	0	0	10.2952	2.65238	0	0	1	0
bin00.contig0308	254	13.0673	1.49038	0.252334	7.47115	1.51372	1.49038	0.252334	2.61538	0.238984
bin00.contig0309	249	23.3232	0.575758	0.246753	13.8889	4.26304	5.17172	0.470212	3.68687	0.38054
bin00.contig0310	249	23.4848	7.44444	1.43311	8.39394	0.302412	2.72727	0.486085	4.91919	1.4832
bin00.contig0311	247	12368.5	2874.31	86013.2	4050.22	174427	1715.36	31194	3728.66	132977
bin00.contig0312	247	10034.7	2440.19	138276	2578.64	170736	2345.15	123193	2670.73	189790
bin00.contig0313	247	17.3093	3.4433	1.22852	7.39175	2.15743	1.25773	0.193299	5.2165	0.713058
bin00.contig0314	246	7599.25	1920.11	48238.4	1890.66	42237.7	1908.94	69683.7	1879.54	42965.9
bin00.contig0315	246	20.0625	2.8125	1.10132	8.6875	3.39605	6.75	0.189474	1.8125	0.638158
bin00.contig0316	245	15.9579	2.50526	0.401568	11.0842	0.652408	0	0	2.36842	0.235162
bin00.contig0317	242	578.272	137.424	103.983	211.489	263.22	80.087	31.0033	149.272	96.2001
bin00.contig0318	242	8.06522	0	0	7.33696	4.37972	0	0	0.728261	0.200072
bin00.contig0319	241	5082.13	1212.24	8086.36	1684.47	12991.6	683.319	1586.26	1502.11	10081.9
bin00.contig0320	241	1094.57	284.923	669.339	11.0769	3.9829	650.077	5213.03	148.505	186.208
bin00.contig0321	241	481.308	135.132	1491.74	12.978	4.04396	276.736	7503.53	56.4615	291.94
bin00.contig0322	241	3.04396	0	0	3.04396	0.575824	0	0	0	0
bin00.contig0323	241	33.9121	6.12088	2.99634	18.0549	3.14139	4.37363	0.703296	5.36264	1.87814
bin00.contig0324	241	14.2527	0.857143	0.12381	5.56044	0.249084	4.16483	2.71697	3.67033	1.04566
bin00.contig0325	240	5864.18	1446.96	16539.4	1512.29	16334.7	1393.12	13454.3	1511.81	17279.8
bin00.contig0326	240	284.267	48.9889	24.91	98.5667	105.439	40.4444	8.8789	96.2667	81.5685
bin00.contig0327	240	19.1667	5.86667	1.19551	7.36667	1.13371	1.12222	0.108489	4.81111	3.301
bin00.contig0328	239	2747.67	654.056	5193.71	918.865	11211.7	359.292	1911.91	815.472	12984.1
bin00.contig0329	239	3.49438	0	0	2.61798	0.238764	0	0	0.876405	0.518641
bin00.contig0330	239	6.67416	0	0	6.67416	1.22216	0	0	0	0
bin00.contig0331	239	11.9326	1.20225	0.163177	9.14607	0.194331	0	0	1.59551	0.243616
bin00.contig0332	238	226.17	44.3409	11.4227	76.8977	81.771	32.5682	2.89185	72.3636	51.5214
bin00.contig0333	238	5.25	0	0	5.25	0.396552	0	0	0	0
bin00.contig0334	238	5.57955	0	0	5.57955	0.246473	0	0	0	0
bin00.contig0335	238	3.02273	0	0	3.02273	0.413271	0	0	0	0
bin00.contig0336	238	30.4205	2.04545	0.250783	17.1477	19.3687	9.43182	18.2482	1.79545	0.785267
bin00.contig0337	237	4821.07	1100.92	5887.05	1567.97	12477.3	687.908	2973.06	1464.28	10809.6
bin00.contig0338	237	5012.48	1165.95	6327.21	1573.89	12640.2	653.08	1704.66	1619.56	11522.6
bin00.contig0339	237	1352.16	335.046	3568.7	219.805	175.345	551.759	11518.1	245.552	756.227
bin00.contig0340	237	33.0345	3.18391	1.29137	16.4713	1.43812	7.34483	0.507618	6.03448	0.405774
bin00.contig0341	235	25.4824	3.44706	0.25014	13.1059	0.738656	0.811765	0.154622	8.11765	1.53361
bin00.contig0342	235	8.01176	1	0	4.02353	1.99944	2	0	0.988235	0.0117647
bin00.contig0343	234	10.881	0	0	8.96429	0.830034	1	0	0.916667	0.0773094
bin00.contig0344	234	113.667	21.5714	3.2358	48.4643	27.1433	5.79762	2.04288	37.8333	4.5261
bin00.contig0345	234	8.20238	0	0	7.67857	1.52195	0.52381	0.252438	0	0
bin00.contig0346	232	4934.78	1164.16	6723.54	1560.72	11932.2	692.951	2699.16	1516.95	10404.1
bin00.contig0347	232	1998.11	546.244	1192.53	181.427	169.211	1006.27	2788.45	264.171	409.995
bin00.contig0348	231	22.8642	3.92593	0.0694444	12.679	0.370679	0.925926	0.0694444	5.33333	3.6
bin00.contig0349	231	120.333	20.2346	1.80679	47.9383	2.40864	9.35802	3.85772	42.8025	1.56049
bin00.contig0350	231	5.50617	0	0	5.50617	0.478086	0	0	0	0
bin00.contig0351	231	6.12346	0	0	6.12346	0.659567	0	0	0	0
bin00.contig0352	230	10.7875	3.125	0.743671	4.9625	0.998576	0	0	2.7	0.440506
bin00.contig0353	230	26.2375	2.85	0.762026	13.95	0.605063	4.0375	0.593513	5.4	1.71139
bin00.contig0354	229	8.62025	0	0	8.62025	0.341123	0	0	0	0
bin00.contig0355	228	3591.68	882.077	2858.05	1168.01	4538.9	481.987	1081.08	1059.6	4435.52
bin00.contig0356	228	7344.77	1820.03	12121	2044.29	12769.2	1433.19	10527	2047.26	18274.8
bin00.contig0357	228	371.436	86.9231	216.513	98.0385	48.3491	96.3077	1550.68	90.1667	44.5823
bin00.contig0358	228	439.333	118.256	212.193	20.4487	1.47136	249.115	1338.41	51.5128	19.8635
bin00.contig0359	228	9.10256	0	0	8.10256	0.534799	0	0	1	0
bin00.contig0360	227	9.12987	1.38961	2.08305	6.67532	9.19582	0	0	1.06494	0.0615175
bin00.contig0361	226	22.0658	3.69737	2.45386	5.02632	0.292631	0	0	13.3421	0.814737
bin00.contig0362	226	47.5526	9.77632	0.175965	10.4737	1.10596	17.8947	5.34877	9.4079	0.37807
bin00.contig0363	226	3.86842	0	0	3.86842	0.115789	0	0	0	0
bin00.contig0364	225	5967.97	1382.11	11213.2	1999.13	21522.3	863.053	4058.59	1723.68	15949.3
bin00.contig0365	225	6780.55	1523.16	8140.92	2025.31	12344.1	1218.01	16471	2014.07	14970.1
bin00.contig0366	225	39.72	9.10667	0.366846	13.3867	1.75387	5.18667	0.316036	12.04	2.66054
bin00.contig0367	223	16.411	0.315068	0.218797	11.4932	3.5312	2.71233	0.263318	1.89041	0.876712
bin00.contig0368	222	96.1528	23.6389	31.2199	10.1389	1.38889	46.5278	43.971	15.8472	5.53971
bin00.contig0369	222	13.8889	2.73611	0.196987	6.18056	0.910603	0	0	4.97222	1.32316
bin00.contig0370	222	352.486	105.264	615.239	26.6806	3.12187	169.458	2334.31	51.0833	139.796
bin00.contig0371	222	30.7083	7.15278	0.328443	15.5556	5.82786	3.81944	0.206377	4.18056	0.572574
bin00.contig0372	221	5.47887	1.50704	0.253521	2.97183	0.0277666	0	0	1	0
bin00.contig0373	221	2.61972	0	0	1.88732	0.101408	0	0	0.732394	0.198793
bin00.contig0374	220	51.9	5	0	31.5857	3.95631	6.25714	1.99089	9.05714	0.750311
bin00.contig0375	220	46.7	9.2	1.06087	7.78571	0.721533	10.6	0.707246	19.1143	4.97226
bin00.contig0376	220	37.6429	4.22857	0.526708	18.5143	2.02153	7	0	7.9	1.56957
bin00.contig0377	218	24983.6	6090.13	543804	5740.16	292168	6952.31	1.15971e+06	6201	403397
bin00.contig0378	218	12.6912	0.367647	0.235953	9.35294	1.18701	2.97059	0.0289728	0	0
bin00.contig0379	217	7734.04	1830.52	46359.2	2634.43	62247.3	994.821	17229.8	2274.27	60891.1
bin00.contig0380	217	5.98507	0	0	4.8806	0.106739	0.38806	0.241067	0.716418	0.872909
bin00.contig0381	216	766.424	202.288	4635.47	14.4242	0.709557	464.364	19561.5	85.3485	725.154
bin00.contig0382	216	5.31818	0	0	5.31818	0.22028	0	0	0	0
bin00.contig0383	216	42.9091	6.86364	1.25804	20.0606	1.90396	6.66667	0.441025	9.31818	1.60489
bin00.contig0384	216	9.72727	2.83333	0.141026	4.89394	0.0962704	1	0	1	0
bin00.contig0385	216	6.63636	1.07576	1.14802	4.66667	0.441025	0	0	0.893939	0.0962706
bin00.contig0386	215	14.3231	3.52308	0.253365	6	0	0	0	4.8	0.1625
bin00.contig0387	215	175.815	56	13.6875	12.2615	1.4149	82.7231	0.234615	24.8308	1.98654
bin00.contig0388	215	24.2154	3.70769	0.960098	6.89231	0.0975962	12.7077	14.3664	0.907692	0.0850961
bin00.contig0389	214	8.375	3	1.68254	2.25	0.444444	0.921875	0.485863	2.20312	1.30729
bin00.contig0390	213	7.79365	0	0	7.79365	0.166411	0	0	0	0
bin00.contig0391	213	20.6508	5.57143	0.668203	6.4127	2.14951	5.15873	0.135689	3.50794	0.253968
bin00.contig0392	213	53.1587	10.8254	0.823861	18.619	1.01383	9.5873	1.085	14.127	6.01587
bin00.contig0393	211	1	0	0	1	0	0	0	0	0
bin00.contig0394	210	12.7167	0	0	10.5	0.38983	0.666667	0.225989	1.55	0.251695
bin00.contig0395	210	7	0	0	7	0	0	0	0	0
bin00.contig0396	209	882.814	234.339	157.642	254.78	145.554	132.288	32.3811	261.407	90.2454
bin00.contig0397	209	6931.85	1635.61	9380.31	2239.56	20118.6	913.085	3857.91	2143.59	14608
bin00.contig0398	209	23.6441	2.27119	0.201052	14.0508	0.773232	0.694915	0.215663	6.62712	0.237873
bin00.contig0399	208	22.6724	2.48276	0.254084	11	0	4.96552	0.946159	4.22414	0.703267
bin00.contig0400	207	15.9649	4.98246	0.946116	8.57895	0.24812	0.526316	0.718045	1.87719	0.109649
bin00.contig0401	207	4.84211	0	0	4.84211	0.135338	0	0	0	0
bin00.contig0402	207	65.6491	15.3509	443.696	10.9474	244.836	21.2632	597.947	18.0877	361.831
bin00.contig0403	206	501.714	134.982	153.472	12.8929	1.00649	290.804	657.47	63.0357	6.54416
bin00.contig0404	205	4961.13	1149.8	3445.5	1690.35	9954.19	619.418	1236.73	1501.56	6845.77
bin00.contig0405	204	5447.85	1275.93	6347.99	1765.48	15537.6	726.5	1435.76	1679.94	10191.7
bin00.contig0406	202	4472.15	1064.04	3377.33	1443.12	8592.14	584.462	1173.74	1380.54	7402.76
